<!DOCTYPE html>
<html lang="en">
<head>
<meta charset="utf-8"/>
<style>body{background-color:white;}</style>
<script src="plotly_lib/htmlwidgets-1.5.4/htmlwidgets.js"></script>
<script src="plotly_lib/plotly-binding-4.10.0/plotly.js"></script>
<script src="plotly_lib/typedarray-0.1/typedarray.min.js"></script>
<script src="plotly_lib/jquery-3.5.1/jquery.min.js"></script>
<link href="plotly_lib/crosstalk-1.2.0/css/crosstalk.min.css" rel="stylesheet" />
<script src="plotly_lib/crosstalk-1.2.0/js/crosstalk.min.js"></script>
<link href="plotly_lib/plotly-htmlwidgets-css-2.5.1/plotly-htmlwidgets.css" rel="stylesheet" />
<script src="plotly_lib/plotly-main-2.5.1/plotly-latest.min.js"></script>
  <title>plotly</title>
</head>
<body>
<div id="htmlwidget_container">
  <div id="htmlwidget-7926b22985179f0d812c" style="width:100%;height:400px;" class="plotly html-widget"></div>
</div>
<script type="application/json" data-for="htmlwidget-7926b22985179f0d812c">{"x":{"data":[{"colorbar":{"title":"","ticklen":2},"colorscale":[["0","rgba(68,1,84,1)"],["0.0416666666666667","rgba(70,19,97,1)"],["0.0833333333333333","rgba(72,32,111,1)"],["0.125","rgba(71,45,122,1)"],["0.166666666666667","rgba(68,58,128,1)"],["0.208333333333333","rgba(64,70,135,1)"],["0.25","rgba(60,82,138,1)"],["0.291666666666667","rgba(56,93,140,1)"],["0.333333333333333","rgba(49,104,142,1)"],["0.375","rgba(46,114,142,1)"],["0.416666666666667","rgba(42,123,142,1)"],["0.458333333333333","rgba(38,133,141,1)"],["0.5","rgba(37,144,140,1)"],["0.541666666666667","rgba(33,154,138,1)"],["0.583333333333333","rgba(39,164,133,1)"],["0.625","rgba(47,174,127,1)"],["0.666666666666667","rgba(53,183,121,1)"],["0.708333333333333","rgba(79,191,110,1)"],["0.75","rgba(98,199,98,1)"],["0.791666666666667","rgba(119,207,85,1)"],["0.833333333333333","rgba(147,214,70,1)"],["0.875","rgba(172,220,52,1)"],["0.916666666666667","rgba(199,225,42,1)"],["0.958333333333333","rgba(226,228,40,1)"],["1","rgba(253,231,37,1)"]],"showscale":false,"x":[-2.5,-2.4,-2.3,-2.2,-2.1,-2,-1.9,-1.8,-1.7,-1.6,-1.5,-1.4,-1.3,-1.2,-1.1,-1,-0.9,-0.8,-0.7,-0.6,-0.5,-0.4,-0.3,-0.2,-0.0999999999999996,0,0.1,0.2,0.3,0.4,0.5,0.6,0.7,0.8,0.9,1,1.1,1.2,1.3,1.4,1.5,1.6,1.7,1.8,1.9,2,2.1,2.2,2.3,2.4,2.5],"y":[-2.5,-2.4,-2.3,-2.2,-2.1,-2,-1.9,-1.8,-1.7,-1.6,-1.5,-1.4,-1.3,-1.2,-1.1,-1,-0.9,-0.8,-0.7,-0.6,-0.5,-0.4,-0.3,-0.2,-0.0999999999999996,0,0.1,0.2,0.3,0.4,0.5,0.6,0.7,0.8,0.9,1,1.1,1.2,1.3,1.4,1.5,1.6,1.7,1.8,1.9,2,2.1,2.2,2.3,2.4,2.5],"scene":"scene1","z":[[68.0625,64,60.0625,56.25,52.5625,49,45.5625,42.25,39.0625,36,33.0625,30.25,27.5625,25,22.5625,20.25,18.0625,16,14.0625,12.25,10.5625,9.00000000000001,7.5625,6.24999999999999,5.0625,4,3.0625,2.25,1.56249999999999,0.999999999999996,0.562499999999999,0.250000000000005,0.0625000000000013,0,0.0625000000000013,0.249999999999999,0.562500000000005,1,1.56249999999999,2.25,3.0625,4.00000000000001,5.0625,6.25,7.56250000000001,9.00000000000001,10.5625,12.25,14.0625,16,18.0625],[64,60.2176,56.5504,52.9984,49.5616,46.24,43.0336,39.9424,36.9664,34.1056,31.36,28.7296,26.2144,23.8144,21.5296,19.36,17.3056,15.3664,13.5424,11.8336,10.24,8.7616,7.3984,6.1504,5.01759999999999,4,3.0976,2.3104,1.6384,1.0816,0.640000000000003,0.313599999999996,0.102399999999997,0.0064000000000058,0.0255999999999992,0.160000000000001,0.409599999999993,0.774399999999999,1.25440000000001,1.84960000000001,2.56,3.38560000000001,4.3264,5.3824,6.5536,7.84,9.24160000000002,10.7584,12.3904,14.1376,16],[60.0625,56.5504,53.1441,49.8436,46.6489,43.56,40.5769,37.6996,34.9281,32.2624,29.7025,27.2484,24.9001,22.6576,20.5209,18.49,16.5649,14.7456,13.0321,11.4244,9.9225,8.5264,7.2361,6.05159999999999,4.97289999999999,4,3.1329,2.3716,1.71609999999999,1.1664,0.7225,0.384400000000001,0.152099999999997,0.0255999999999951,0.00489999999999449,0.0900000000000009,0.280900000000003,0.577599999999995,0.980099999999995,1.4884,2.10249999999999,2.8224,3.64809999999999,4.57959999999999,5.6169,6.75999999999999,8.0089,9.3636,10.8241,12.3904,14.0625],[56.25,52.9984,49.8436,46.7856,43.8244,40.96,38.1924,35.5216,32.9476,30.4704,28.09,25.8064,23.6196,21.5296,19.5364,17.64,15.8404,14.1376,12.5316,11.0224,9.61,8.2944,7.0756,5.95359999999999,4.9284,4,3.1684,2.4336,1.79559999999999,1.25439999999999,0.809999999999998,0.462400000000002,0.211599999999999,0.0575999999999938,0.000399999999997291,0.0399999999999989,0.176399999999999,0.409599999999996,0.739599999999992,1.1664,1.69,2.31040000000001,3.0276,3.8416,4.75240000000001,5.76,6.86440000000001,8.06559999999999,9.36360000000001,10.7584,12.25],[52.5625,49.5616,46.6489,43.8244,41.0881,38.44,35.8801,33.4084,31.0249,28.7296,26.5225,24.4036,22.3729,20.4304,18.5761,16.81,15.1321,13.5424,12.0409,10.6276,9.3025,8.0656,6.9169,5.8564,4.88409999999999,4,3.20409999999999,2.4964,1.8769,1.34559999999999,0.902499999999996,0.547599999999994,0.280899999999996,0.102400000000004,0.0120999999999966,0.00999999999999893,0.0960999999999915,0.270399999999998,0.532900000000001,0.883599999999997,1.3225,1.84960000000001,2.4649,3.1684,3.9601,4.84,5.8081,6.8644,8.0089,9.2416,10.5625],[49,46.24,43.56,40.96,38.44,36,33.64,31.36,29.16,27.04,25,23.04,21.16,19.36,17.64,16,14.44,12.96,11.56,10.24,9,7.84,6.76,5.76,4.83999999999999,4,3.24,2.56,1.95999999999999,1.44,1,0.640000000000005,0.36,0.159999999999996,0.04,0,0.0400000000000044,0.159999999999999,0.359999999999998,0.640000000000001,1,1.44000000000001,1.96,2.56,3.24,4,4.84,5.76,6.76,7.84000000000001,9],[45.5625,43.0336,40.5769,38.1924,35.8801,33.64,31.4721,29.3764,27.3529,25.4016,23.5225,21.7156,19.9809,18.3184,16.7281,15.21,13.7641,12.3904,11.0889,9.8596,8.7025,7.6176,6.6049,5.6644,4.79609999999999,4,3.2761,2.6244,2.0449,1.5376,1.1025,0.739599999999993,0.448899999999996,0.230400000000002,0.0841000000000004,0.00999999999999943,0.00809999999999036,0.0783999999999985,0.220900000000006,0.435599999999999,0.722499999999999,1.0816,1.5129,2.0164,2.5921,3.24,3.9601,4.75239999999999,5.6169,6.5536,7.56249999999999],[42.25,39.9424,37.6996,35.5216,33.4084,31.36,29.3764,27.4576,25.6036,23.8144,22.09,20.4304,18.8356,17.3056,15.8404,14.44,13.1044,11.8336,10.6276,9.4864,8.41,7.3984,6.4516,5.5696,4.7524,4,3.3124,2.6896,2.1316,1.6384,1.21,0.846400000000003,0.5476,0.313599999999995,0.144399999999999,0.0399999999999977,0.000400000000002265,0.0255999999999972,0.11559999999999,0.2704,0.489999999999998,0.774399999999999,1.1236,1.5376,2.0164,2.56,3.1684,3.84159999999999,4.5796,5.3824,6.25],[39.0625,36.9664,34.9281,32.9476,31.0249,29.16,27.3529,25.6036,23.9121,22.2784,20.7025,19.1844,17.7241,16.3216,14.9769,13.69,12.4609,11.2896,10.1761,9.12039999999999,8.1225,7.1824,6.3001,5.4756,4.70889999999999,4,3.3489,2.7556,2.2201,1.7424,1.3225,0.9604,0.656100000000002,0.409599999999997,0.220899999999995,0.0899999999999963,0.0168999999999988,0.00160000000000497,0.0440999999999993,0.144399999999997,0.302499999999993,0.518400000000008,0.792100000000006,1.12360000000001,1.51289999999999,1.95999999999999,2.46490000000001,3.0276,3.6481,4.3264,5.0625],[36,34.1056,32.2624,30.4704,28.7296,27.04,25.4016,23.8144,22.2784,20.7936,19.36,17.9776,16.6464,15.3664,14.1376,12.96,11.8336,10.7584,9.7344,8.7616,7.84,6.9696,6.1504,5.3824,4.6656,4,3.3856,2.8224,2.3104,1.8496,1.44,1.0816,0.774400000000003,0.518400000000003,0.3136,0.160000000000003,0.0575999999999946,0.00640000000000356,0.00640000000000196,0.0575999999999994,0.16,0.313600000000004,0.518400000000001,0.774400000000006,1.0816,1.44,1.8496,2.3104,2.82240000000001,3.3856,4],[33.0625,31.36,29.7025,28.09,26.5225,25,23.5225,22.09,20.7025,19.36,18.0625,16.81,15.6025,14.44,13.3225,12.25,11.2225,10.24,9.3025,8.41,7.5625,6.76,6.0025,5.29,4.6225,4,3.4225,2.89,2.4025,1.96,1.5625,1.21,0.902499999999999,0.64,0.4225,0.25,0.122500000000001,0.0399999999999999,0.00249999999999409,0.0100000000000026,0.0624999999999978,0.160000000000003,0.302500000000001,0.490000000000002,0.7225,1,1.3225,1.69,2.1025,2.56,3.0625],[30.25,28.7296,27.2484,25.8064,24.4036,23.04,21.7156,20.4304,19.1844,17.9776,16.81,15.6816,14.5924,13.5424,12.5316,11.56,10.6276,9.7344,8.8804,8.0656,7.29,6.5536,5.8564,5.1984,4.5796,4,3.4596,2.9584,2.4964,2.0736,1.69,1.3456,1.0404,0.774400000000002,0.547599999999997,0.359999999999999,0.211600000000002,0.102399999999999,0.0324000000000055,0.00160000000000089,0.00999999999999926,0.0576000000000047,0.144399999999999,0.270400000000003,0.435600000000004,0.640000000000002,0.883599999999999,1.1664,1.4884,1.8496,2.25],[27.5625,26.2144,24.9001,23.6196,22.3729,21.16,19.9809,18.8356,17.7241,16.6464,15.6025,14.5924,13.6161,12.6736,11.7649,10.89,10.0489,9.2416,8.4681,7.7284,7.0225,6.3504,5.7121,5.1076,4.5369,4,3.4969,3.0276,2.5921,2.1904,1.8225,1.4884,1.1881,0.9216,0.688899999999997,0.49,0.324899999999999,0.193599999999998,0.0961000000000018,0.0323999999999991,0.00249999999999773,0.00639999999999983,0.0440999999999968,0.115599999999999,0.220899999999996,0.36,0.5329,0.739599999999996,0.980099999999996,1.2544,1.5625],[25,23.8144,22.6576,21.5296,20.4304,19.36,18.3184,17.3056,16.3216,15.3664,14.44,13.5424,12.6736,11.8336,11.0224,10.24,9.4864,8.7616,8.0656,7.3984,6.76,6.1504,5.5696,5.0176,4.4944,4,3.5344,3.0976,2.6896,2.3104,1.96,1.6384,1.3456,1.0816,0.846399999999999,0.640000000000001,0.462399999999998,0.313600000000002,0.193599999999998,0.102400000000002,0.0400000000000033,0.0064000000000064,0.00160000000000364,0.025600000000003,0.0783999999999998,0.159999999999999,0.270400000000001,0.409600000000003,0.577599999999994,0.7744,0.999999999999995],[22.5625,21.5296,20.5209,19.5364,18.5761,17.64,16.7281,15.8404,14.9769,14.1376,13.3225,12.5316,11.7649,11.0224,10.3041,9.61,8.9401,8.2944,7.6729,7.0756,6.5025,5.9536,5.4289,4.9284,4.4521,4,3.5721,3.1684,2.7889,2.4336,2.1025,1.7956,1.5129,1.2544,1.0201,0.810000000000001,0.6241,0.462400000000002,0.324899999999999,0.211600000000002,0.122500000000002,0.0576000000000023,0.0169000000000033,0.000400000000004397,0.00810000000000501,0.0400000000000073,0.0960999999999983,0.176399999999994,0.280900000000002,0.409600000000007,0.562500000000009],[20.25,19.36,18.49,17.64,16.81,16,15.21,14.44,13.69,12.96,12.25,11.56,10.89,10.24,9.61,9,8.41,7.84,7.29,6.76,6.25,5.76,5.29,4.84,4.41,4,3.61,3.24,2.89,2.56,2.25,1.96,1.69,1.44,1.21,0.999999999999999,0.81,0.640000000000001,0.489999999999998,0.359999999999999,0.249999999999999,0.160000000000001,0.0899999999999983,0.0399999999999984,0.00999999999999996,0,0.00999999999999818,0.0399999999999961,0.0900000000000009,0.159999999999999,0.249999999999999],[18.0625,17.3056,16.5649,15.8404,15.1321,14.44,13.7641,13.1044,12.4609,11.8336,11.2225,10.6276,10.0489,9.4864,8.9401,8.41,7.8961,7.3984,6.9169,6.4516,6.0025,5.5696,5.1529,4.7524,4.3681,4,3.6481,3.3124,2.9929,2.6896,2.4025,2.1316,1.8769,1.6384,1.4161,1.21,1.0201,0.8464,0.688899999999999,0.5476,0.4225,0.3136,0.220899999999998,0.1444,0.0840999999999976,0.0399999999999984,0.0120999999999993,0.000399999999999067,0.00489999999999773,0.0255999999999993,0.0624999999999973],[16,15.3664,14.7456,14.1376,13.5424,12.96,12.3904,11.8336,11.2896,10.7584,10.24,9.7344,9.2416,8.7616,8.2944,7.84,7.3984,6.9696,6.5536,6.1504,5.76,5.3824,5.0176,4.6656,4.3264,4,3.6864,3.3856,3.0976,2.8224,2.56,2.3104,2.0736,1.8496,1.6384,1.44,1.2544,1.0816,0.9216,0.774399999999999,0.640000000000001,0.518400000000003,0.409599999999999,0.3136,0.2304,0.159999999999999,0.102399999999999,0.0575999999999972,0.0256,0.0063999999999993,0],[14.0625,13.5424,13.0321,12.5316,12.0409,11.56,11.0889,10.6276,10.1761,9.7344,9.3025,8.8804,8.4681,8.0656,7.6729,7.29,6.9169,6.5536,6.2001,5.8564,5.5225,5.1984,4.8841,4.5796,4.2849,4,3.7249,3.4596,3.2041,2.9584,2.7225,2.4964,2.2801,2.0736,1.8769,1.69,1.5129,1.3456,1.1881,1.0404,0.9025,0.7744,0.6561,0.5476,0.448899999999998,0.36,0.280900000000001,0.2116,0.1521,0.102400000000002,0.0625000000000015],[12.25,11.8336,11.4244,11.0224,10.6276,10.24,9.8596,9.4864,9.1204,8.7616,8.41,8.0656,7.7284,7.3984,7.0756,6.76,6.4516,6.1504,5.8564,5.5696,5.29,5.0176,4.7524,4.4944,4.2436,4,3.7636,3.5344,3.3124,3.0976,2.89,2.6896,2.4964,2.3104,2.1316,1.96,1.7956,1.6384,1.4884,1.3456,1.21,1.0816,0.960400000000001,0.846400000000001,0.7396,0.639999999999999,0.547599999999998,0.462399999999999,0.3844,0.313600000000002,0.25],[10.5625,10.24,9.9225,9.61,9.3025,9,8.7025,8.41,8.1225,7.84,7.5625,7.29,7.0225,6.76,6.5025,6.25,6.0025,5.76,5.5225,5.29,5.0625,4.84,4.6225,4.41,4.2025,4,3.8025,3.61,3.4225,3.24,3.0625,2.89,2.7225,2.56,2.4025,2.25,2.1025,1.96,1.8225,1.69,1.5625,1.44,1.3225,1.21,1.1025,0.999999999999999,0.902499999999999,0.809999999999999,0.722499999999999,0.639999999999998,0.562499999999998],[9,8.7616,8.5264,8.2944,8.0656,7.84,7.6176,7.3984,7.1824,6.9696,6.76,6.5536,6.3504,6.1504,5.9536,5.76,5.5696,5.3824,5.1984,5.0176,4.84,4.6656,4.4944,4.3264,4.1616,4,3.8416,3.6864,3.5344,3.3856,3.24,3.0976,2.9584,2.8224,2.6896,2.56,2.4336,2.3104,2.1904,2.0736,1.96,1.8496,1.7424,1.6384,1.5376,1.44,1.3456,1.2544,1.1664,1.0816,1],[7.5625,7.3984,7.2361,7.0756,6.9169,6.76,6.6049,6.4516,6.3001,6.1504,6.0025,5.8564,5.7121,5.5696,5.4289,5.29,5.1529,5.0176,4.8841,4.7524,4.6225,4.4944,4.3681,4.2436,4.1209,4,3.8809,3.7636,3.6481,3.5344,3.4225,3.3124,3.2041,3.0976,2.9929,2.89,2.7889,2.6896,2.5921,2.4964,2.4025,2.3104,2.2201,2.1316,2.0449,1.96,1.8769,1.7956,1.7161,1.6384,1.5625],[6.25,6.1504,6.05159999999999,5.9536,5.8564,5.76,5.6644,5.5696,5.4756,5.3824,5.29,5.1984,5.1076,5.0176,4.9284,4.84,4.7524,4.6656,4.5796,4.4944,4.41,4.3264,4.2436,4.1616,4.0804,4,3.9204,3.8416,3.7636,3.6864,3.61,3.5344,3.4596,3.3856,3.3124,3.24,3.1684,3.0976,3.0276,2.9584,2.89,2.8224,2.7556,2.6896,2.6244,2.56,2.4964,2.4336,2.3716,2.3104,2.25],[5.0625,5.0176,4.9729,4.9284,4.8841,4.84,4.7961,4.7524,4.7089,4.6656,4.6225,4.5796,4.5369,4.4944,4.4521,4.41,4.3681,4.3264,4.2849,4.2436,4.2025,4.1616,4.1209,4.0804,4.0401,4,3.9601,3.9204,3.8809,3.8416,3.8025,3.7636,3.7249,3.6864,3.6481,3.61,3.5721,3.5344,3.4969,3.4596,3.4225,3.3856,3.3489,3.3124,3.2761,3.24,3.2041,3.1684,3.1329,3.0976,3.0625],[4,4,4,4,4,4,4,4,4,4,4,4,4,4,4,4,4,4,4,4,4,4,4,4,4,4,4,4,4,4,4,4,4,4,4,4,4,4,4,4,4,4,4,4,4,4,4,4,4,4,4],[3.0625,3.0976,3.1329,3.1684,3.2041,3.24,3.2761,3.3124,3.3489,3.3856,3.4225,3.4596,3.4969,3.5344,3.5721,3.61,3.6481,3.6864,3.7249,3.7636,3.8025,3.8416,3.8809,3.9204,3.9601,4,4.0401,4.0804,4.1209,4.1616,4.2025,4.2436,4.2849,4.3264,4.3681,4.41,4.4521,4.4944,4.5369,4.5796,4.6225,4.6656,4.7089,4.7524,4.7961,4.84,4.8841,4.9284,4.9729,5.0176,5.0625],[2.25,2.3104,2.3716,2.4336,2.4964,2.56,2.6244,2.6896,2.7556,2.8224,2.89,2.9584,3.0276,3.0976,3.1684,3.24,3.3124,3.3856,3.4596,3.5344,3.61,3.6864,3.7636,3.8416,3.9204,4,4.0804,4.1616,4.2436,4.3264,4.41,4.4944,4.5796,4.6656,4.7524,4.84,4.9284,5.0176,5.1076,5.1984,5.29,5.3824,5.4756,5.5696,5.6644,5.76,5.8564,5.9536,6.0516,6.1504,6.25],[1.5625,1.6384,1.7161,1.7956,1.8769,1.96,2.0449,2.1316,2.2201,2.3104,2.4025,2.4964,2.5921,2.6896,2.7889,2.89,2.9929,3.0976,3.2041,3.3124,3.4225,3.5344,3.6481,3.7636,3.8809,4,4.1209,4.2436,4.3681,4.4944,4.6225,4.7524,4.8841,5.0176,5.1529,5.29,5.4289,5.5696,5.7121,5.8564,6.0025,6.1504,6.3001,6.4516,6.6049,6.76,6.9169,7.0756,7.2361,7.3984,7.5625],[0.999999999999999,1.0816,1.1664,1.2544,1.3456,1.44,1.5376,1.6384,1.7424,1.8496,1.96,2.0736,2.1904,2.3104,2.4336,2.56,2.6896,2.8224,2.9584,3.0976,3.24,3.3856,3.5344,3.6864,3.8416,4,4.1616,4.3264,4.4944,4.6656,4.84,5.0176,5.1984,5.3824,5.5696,5.76,5.9536,6.1504,6.3504,6.5536,6.76,6.96960000000001,7.1824,7.3984,7.6176,7.84000000000001,8.06560000000001,8.2944,8.52640000000001,8.76160000000001,9.00000000000001],[0.562499999999998,0.640000000000001,0.722499999999999,0.809999999999999,0.9025,0.999999999999999,1.1025,1.21,1.3225,1.44,1.5625,1.69,1.8225,1.96,2.1025,2.25,2.4025,2.56,2.7225,2.89,3.0625,3.24,3.4225,3.61,3.8025,4,4.2025,4.41,4.6225,4.84,5.0625,5.29,5.5225,5.76,6.0025,6.25,6.5025,6.76,7.0225,7.29,7.5625,7.84,8.1225,8.41,8.7025,9,9.3025,9.61,9.9225,10.24,10.5625],[0.249999999999998,0.313600000000002,0.384399999999998,0.462399999999997,0.5476,0.640000000000001,0.739599999999999,0.8464,0.960399999999999,1.0816,1.21,1.3456,1.4884,1.6384,1.7956,1.96,2.1316,2.3104,2.4964,2.6896,2.89,3.0976,3.3124,3.5344,3.7636,4,4.2436,4.4944,4.7524,5.0176,5.29,5.5696,5.8564,6.1504,6.4516,6.76,7.0756,7.3984,7.7284,8.0656,8.41,8.7616,9.1204,9.4864,9.8596,10.24,10.6276,11.0224,11.4244,11.8336,12.25],[0.0624999999999998,0.1024,0.152099999999999,0.211599999999997,0.280900000000001,0.359999999999999,0.448899999999998,0.5476,0.656099999999997,0.774399999999999,0.902499999999999,1.0404,1.1881,1.3456,1.5129,1.69,1.8769,2.0736,2.2801,2.4964,2.7225,2.9584,3.2041,3.4596,3.7249,4,4.2849,4.5796,4.8841,5.1984,5.5225,5.8564,6.2001,6.5536,6.9169,7.29,7.6729,8.0656,8.4681,8.8804,9.3025,9.7344,10.1761,10.6276,11.0889,11.56,12.0409,12.5316,13.0321,13.5424,14.0625],[0,0.0064000000000064,0.0256000000000017,0.0575999999999972,0.1024,0.160000000000001,0.230400000000001,0.3136,0.409599999999999,0.5184,0.64,0.7744,0.921600000000001,1.0816,1.2544,1.44,1.6384,1.8496,2.0736,2.3104,2.56,2.8224,3.0976,3.3856,3.6864,4,4.3264,4.6656,5.0176,5.3824,5.76,6.1504,6.5536,6.9696,7.3984,7.84,8.2944,8.7616,9.2416,9.7344,10.24,10.7584,11.2896,11.8336,12.3904,12.96,13.5424,14.1376,14.7456,15.3664,16],[0.0625000000000011,0.0255999999999956,0.00489999999999773,0.000399999999995515,0.0120999999999959,0.0399999999999967,0.0840999999999976,0.1444,0.220899999999995,0.3136,0.4225,0.547599999999999,0.688899999999998,0.846399999999998,1.0201,1.21,1.4161,1.6384,1.8769,2.1316,2.4025,2.6896,2.9929,3.3124,3.6481,4,4.3681,4.7524,5.1529,5.5696,6.0025,6.4516,6.9169,7.3984,7.8961,8.41,8.9401,9.48640000000001,10.0489,10.6276,11.2225,11.8336,12.4609,13.1044,13.7641,14.44,15.1321,15.8404,16.5649,17.3056,18.0625],[0.249999999999999,0.159999999999999,0.0899999999999971,0.0399999999999961,0.0100000000000018,0,0.0100000000000017,0.0399999999999984,0.0899999999999966,0.160000000000001,0.249999999999999,0.36,0.49,0.639999999999998,0.810000000000002,0.999999999999999,1.21,1.44,1.69,1.96,2.25,2.56,2.89,3.24,3.61,4,4.41,4.84,5.29,5.76,6.25,6.76,7.29,7.84,8.41,9,9.61,10.24,10.89,11.56,12.25,12.96,13.69,14.44,15.21,16,16.81,17.64,18.49,19.36,20.25],[0.5625,0.409600000000003,0.280899999999998,0.176399999999994,0.0960999999999945,0.0399999999999961,0.00810000000000137,0.000399999999999067,0.0168999999999981,0.0575999999999989,0.122499999999997,0.2116,0.324899999999997,0.462399999999996,0.6241,0.809999999999999,1.0201,1.2544,1.5129,1.7956,2.1025,2.4336,2.7889,3.1684,3.5721,4,4.4521,4.9284,5.4289,5.9536,6.5025,7.0756,7.6729,8.2944,8.9401,9.61,10.3041,11.0224,11.7649,12.5316,13.3225,14.1376,14.9769,15.8404,16.7281,17.64,18.5761,19.5364,20.5209,21.5296,22.5625],[0.999999999999999,0.7744,0.577600000000002,0.409599999999999,0.270400000000001,0.159999999999999,0.078399999999996,0.0255999999999993,0.00159999999999636,0.00640000000000285,0.0399999999999981,0.102400000000002,0.193599999999998,0.313599999999997,0.462400000000001,0.639999999999999,0.846399999999997,1.0816,1.3456,1.6384,1.96,2.3104,2.6896,3.0976,3.5344,4,4.4944,5.0176,5.5696,6.1504,6.76,7.3984,8.0656,8.7616,9.48640000000001,10.24,11.0224,11.8336,12.6736,13.5424,14.44,15.3664,16.3216,17.3056,18.3184,19.36,20.4304,21.5296,22.6576,23.8144,25],[1.5625,1.25440000000001,0.980099999999996,0.739599999999996,0.532899999999996,0.359999999999996,0.2209,0.115599999999999,0.044099999999993,0.0063999999999961,0.00249999999999773,0.0324000000000027,0.0960999999999966,0.193599999999993,0.3249,0.489999999999998,0.688899999999999,0.921599999999997,1.1881,1.4884,1.8225,2.1904,2.5921,3.0276,3.4969,4,4.5369,5.1076,5.7121,6.3504,7.0225,7.7284,8.4681,9.2416,10.0489,10.89,11.7649,12.6736,13.6161,14.5924,15.6025,16.6464,17.7241,18.8356,19.9809,21.16,22.3729,23.6196,24.9001,26.2144,27.5625],[2.25,1.84959999999999,1.4884,1.1664,0.883600000000004,0.640000000000002,0.435599999999996,0.270399999999999,0.144399999999995,0.0576000000000047,0.00999999999999926,0.00159999999999716,0.0323999999999982,0.102399999999996,0.211600000000002,0.359999999999996,0.547599999999999,0.774399999999999,1.0404,1.3456,1.69,2.0736,2.4964,2.9584,3.4596,4,4.5796,5.1984,5.8564,6.5536,7.29,8.0656,8.8804,9.7344,10.6276,11.56,12.5316,13.5424,14.5924,15.6816,16.81,17.9776,19.1844,20.4304,21.7156,23.04,24.4036,25.8064,27.2484,28.7296,30.25],[3.0625,2.56,2.1025,1.69,1.32250000000001,1,0.722499999999996,0.490000000000002,0.302500000000001,0.160000000000003,0.0624999999999978,0.00999999999999873,0.0024999999999979,0.0399999999999961,0.122500000000001,0.25,0.422500000000002,0.64,0.902499999999999,1.21,1.5625,1.96,2.4025,2.89,3.4225,4,4.6225,5.29,6.0025,6.76,7.5625,8.41,9.3025,10.24,11.2225,12.25,13.3225,14.44,15.6025,16.81,18.0625,19.36,20.7025,22.09,23.5225,25,26.5225,28.09,29.7025,31.36,33.0625],[4,3.3856,2.82240000000001,2.3104,1.84960000000001,1.44,1.0816,0.774400000000002,0.518399999999997,0.313600000000008,0.16,0.0575999999999994,0.00639999999999796,0.00639999999999965,0.0576000000000023,0.159999999999999,0.313599999999997,0.5184,0.774399999999999,1.0816,1.44,1.8496,2.3104,2.8224,3.3856,4,4.6656,5.3824,6.1504,6.9696,7.84,8.7616,9.7344,10.7584,11.8336,12.96,14.1376,15.3664,16.6464,17.9776,19.36,20.7936,22.2784,23.8144,25.4016,27.04,28.7296,30.4704,32.2624,34.1056,36],[5.0625,4.3264,3.6481,3.0276,2.46490000000001,1.96,1.5129,1.1236,0.792099999999993,0.518400000000008,0.302499999999997,0.144399999999997,0.0440999999999993,0.0015999999999968,0.0169000000000028,0.0900000000000002,0.220899999999995,0.4096,0.656099999999998,0.9604,1.3225,1.7424,2.2201,2.7556,3.3489,4,4.7089,5.4756,6.3001,7.1824,8.1225,9.1204,10.1761,11.2896,12.4609,13.69,14.9769,16.3216,17.7241,19.1844,20.7025,22.2784,23.9121,25.6036,27.3529,29.16,31.0249,32.9476,34.9281,36.9664,39.0625],[6.25,5.38239999999999,4.5796,3.84159999999999,3.1684,2.56,2.01639999999999,1.5376,1.1236,0.774400000000004,0.489999999999998,0.270399999999995,0.115600000000003,0.0255999999999972,0.000400000000002265,0.0399999999999977,0.144399999999995,0.313599999999999,0.5476,0.846399999999999,1.21,1.6384,2.1316,2.6896,3.3124,4,4.7524,5.5696,6.4516,7.3984,8.41,9.4864,10.6276,11.8336,13.1044,14.44,15.8404,17.3056,18.8356,20.4304,22.09,23.8144,25.6036,27.4576,29.3764,31.36,33.4084,35.5216,37.6996,39.9424,42.25],[7.56250000000001,6.5536,5.6169,4.75239999999999,3.96010000000001,3.24,2.59209999999999,2.0164,1.51289999999999,1.08160000000001,0.722499999999999,0.435599999999995,0.220899999999997,0.0783999999999941,0.00810000000000341,0.00999999999999944,0.0840999999999921,0.230399999999998,0.448899999999996,0.739600000000002,1.1025,1.5376,2.0449,2.6244,3.2761,4,4.7961,5.6644,6.6049,7.6176,8.7025,9.8596,11.0889,12.3904,13.7641,15.21,16.7281,18.3184,19.9809,21.7156,23.5225,25.4016,27.3529,29.3764,31.4721,33.64,35.8801,38.1924,40.5769,43.0336,45.5625],[9,7.84,6.75999999999999,5.76,4.84,4,3.23999999999999,2.56,1.96,1.44,1,0.639999999999996,0.359999999999998,0.159999999999995,0.0400000000000044,0,0.0399999999999956,0.16,0.36,0.64,1,1.44,1.96,2.56000000000001,3.24,4,4.84,5.76,6.76,7.84,9,10.24,11.56,12.96,14.44,16,17.64,19.36,21.16,23.04,25,27.04,29.16,31.36,33.64,36,38.44,40.96,43.56,46.24,49],[10.5625,9.24159999999999,8.0089,6.8644,5.80810000000001,4.84,3.9601,3.1684,2.4649,1.84960000000001,1.3225,0.883599999999992,0.532900000000002,0.270399999999994,0.096100000000001,0.00999999999999893,0.0120999999999966,0.102399999999999,0.280900000000001,0.547599999999999,0.902499999999996,1.3456,1.8769,2.49640000000001,3.2041,4,4.8841,5.8564,6.9169,8.0656,9.3025,10.6276,12.0409,13.5424,15.1321,16.81,18.5761,20.4304,22.3729,24.4036,26.5225,28.7296,31.0249,33.4084,35.8801,38.44,41.0881,43.8244,46.6489,49.5616,52.5625],[12.25,10.7584,9.36359999999999,8.06559999999999,6.86440000000001,5.76,4.7524,3.8416,3.0276,2.31040000000001,1.69,1.16639999999999,0.739599999999997,0.409599999999991,0.176399999999999,0.0399999999999989,0.000399999999992104,0.057599999999999,0.211599999999999,0.462399999999997,0.809999999999998,1.25439999999999,1.7956,2.4336,3.1684,4,4.9284,5.9536,7.0756,8.2944,9.61,11.0224,12.5316,14.1376,15.8404,17.64,19.5364,21.5296,23.6196,25.8064,28.09,30.4704,32.9476,35.5216,38.1924,40.96,43.8244,46.7856,49.8436,52.9984,56.25],[14.0625,12.3904,10.8241,9.36360000000002,8.00890000000001,6.76000000000001,5.6169,4.57960000000001,3.64810000000001,2.82240000000001,2.10250000000001,1.4884,0.980100000000002,0.577599999999996,0.280900000000003,0.090000000000001,0.00489999999999449,0.0255999999999952,0.152100000000003,0.384400000000001,0.722500000000001,1.1664,1.7161,2.37160000000001,3.1329,4,4.97289999999999,6.0516,7.23610000000001,8.52640000000001,9.9225,11.4244,13.0321,14.7456,16.5649,18.49,20.5209,22.6576,24.9001,27.2484,29.7025,32.2624,34.9281,37.6996,40.5769,43.56,46.6489,49.8436,53.1441000000001,56.5504,60.0625],[16,14.1376,12.3904,10.7584,9.24160000000002,7.84,6.55359999999999,5.38239999999999,4.32639999999999,3.3856,2.56,1.84959999999999,1.2544,0.774399999999993,0.409599999999999,0.160000000000001,0.0255999999999872,0.00639999999999379,0.102399999999997,0.313599999999996,0.639999999999997,1.0816,1.6384,2.3104,3.0976,4,5.01759999999999,6.1504,7.3984,8.7616,10.24,11.8336,13.5424,15.3664,17.3056,19.36,21.5296,23.8144,26.2144,28.7296,31.36,34.1056,36.9664,39.9424,43.0336,46.24,49.5616,52.9984,56.5504,60.2176,64],[18.0625,16,14.0625,12.25,10.5625,9.00000000000001,7.56249999999999,6.25,5.0625,4.00000000000001,3.0625,2.25,1.5625,0.999999999999996,0.562500000000005,0.249999999999999,0.0624999999999949,0,0.0625000000000013,0.249999999999999,0.562499999999999,0.999999999999996,1.5625,2.25000000000001,3.0625,4,5.0625,6.25,7.56250000000001,9.00000000000001,10.5625,12.25,14.0625,16,18.0625,20.25,22.5625,25,27.5625,30.25,33.0625,36,39.0625,42.25,45.5625,49,52.5625,56.25,60.0625,64,68.0625]],"type":"surface","frame":null},{"colorbar":{"title":"","ticklen":2},"colorscale":[[0,"#FFFAEB"],[1,"#FF2704"]],"showscale":false,"z":[[-3,-2.4,-1.8,-1.2,-0.6,0,0.6,1.2,1.8,2.4,3,3.6,4.2,4.8,5.4,6,6.6,7.2,7.8,8.4,9],[-2.4,-1.8,-1.2,-0.6,0,0.6,1.2,1.8,2.4,3,3.6,4.2,4.8,5.4,6,6.6,7.2,7.8,8.4,9,9.6],[-1.8,-1.2,-0.600000000000001,0,0.6,1.2,1.8,2.4,3,3.6,4.2,4.8,5.4,6,6.6,7.2,7.8,8.4,9,9.6,10.2],[-1.2,-0.6,0,0.6,1.2,1.8,2.4,3,3.6,4.2,4.8,5.4,6,6.6,7.2,7.8,8.4,9,9.6,10.2,10.8],[-0.6,0,0.6,1.2,1.8,2.4,3,3.6,4.2,4.8,5.4,6,6.6,7.2,7.8,8.4,9,9.6,10.2,10.8,11.4],[0,0.6,1.2,1.8,2.4,3,3.6,4.2,4.8,5.4,6,6.6,7.2,7.8,8.4,9,9.6,10.2,10.8,11.4,12],[0.6,1.2,1.8,2.4,3,3.6,4.2,4.8,5.4,6,6.6,7.2,7.8,8.4,9,9.6,10.2,10.8,11.4,12,12.6],[1.2,1.8,2.4,3,3.6,4.2,4.8,5.4,6,6.6,7.2,7.8,8.4,9,9.6,10.2,10.8,11.4,12,12.6,13.2],[1.8,2.4,3,3.6,4.2,4.8,5.4,6,6.6,7.2,7.8,8.4,9,9.6,10.2,10.8,11.4,12,12.6,13.2,13.8],[2.4,3,3.6,4.2,4.8,5.4,6,6.6,7.2,7.8,8.4,9,9.6,10.2,10.8,11.4,12,12.6,13.2,13.8,14.4],[3,3.6,4.2,4.8,5.4,6,6.6,7.2,7.8,8.4,9,9.6,10.2,10.8,11.4,12,12.6,13.2,13.8,14.4,15],[3.6,4.2,4.8,5.4,6,6.6,7.2,7.8,8.4,9,9.6,10.2,10.8,11.4,12,12.6,13.2,13.8,14.4,15,15.6],[4.2,4.8,5.4,6,6.6,7.2,7.8,8.4,9,9.6,10.2,10.8,11.4,12,12.6,13.2,13.8,14.4,15,15.6,16.2],[4.8,5.4,6,6.6,7.2,7.8,8.4,9,9.6,10.2,10.8,11.4,12,12.6,13.2,13.8,14.4,15,15.6,16.2,16.8],[5.4,6,6.6,7.2,7.8,8.4,9,9.6,10.2,10.8,11.4,12,12.6,13.2,13.8,14.4,15,15.6,16.2,16.8,17.4],[6,6.6,7.2,7.8,8.4,9,9.6,10.2,10.8,11.4,12,12.6,13.2,13.8,14.4,15,15.6,16.2,16.8,17.4,18],[6.6,7.2,7.8,8.4,9,9.6,10.2,10.8,11.4,12,12.6,13.2,13.8,14.4,15,15.6,16.2,16.8,17.4,18,18.6],[7.2,7.8,8.4,9,9.6,10.2,10.8,11.4,12,12.6,13.2,13.8,14.4,15,15.6,16.2,16.8,17.4,18,18.6,19.2],[7.8,8.4,9,9.6,10.2,10.8,11.4,12,12.6,13.2,13.8,14.4,15,15.6,16.2,16.8,17.4,18,18.6,19.2,19.8],[8.4,9,9.6,10.2,10.8,11.4,12,12.6,13.2,13.8,14.4,15,15.6,16.2,16.8,17.4,18,18.6,19.2,19.8,20.4],[9,9.6,10.2,10.8,11.4,12,12.6,13.2,13.8,14.4,15,15.6,16.2,16.8,17.4,18,18.6,19.2,19.8,20.4,21]],"type":"surface","x":[0,0.1,0.2,0.3,0.4,0.5,0.6,0.7,0.8,0.9,1,1.1,1.2,1.3,1.4,1.5,1.6,1.7,1.8,1.9,2],"y":[0,0.1,0.2,0.3,0.4,0.5,0.6,0.7,0.8,0.9,1,1.1,1.2,1.3,1.4,1.5,1.6,1.7,1.8,1.9,2],"frame":null},{"colorbar":{"title":"","ticklen":2},"colorscale":[["0","rgba(68,1,84,1)"],["0.0416666666666667","rgba(70,19,97,1)"],["0.0833333333333333","rgba(72,32,111,1)"],["0.125","rgba(71,45,122,1)"],["0.166666666666667","rgba(68,58,128,1)"],["0.208333333333333","rgba(64,70,135,1)"],["0.25","rgba(60,82,138,1)"],["0.291666666666667","rgba(56,93,140,1)"],["0.333333333333333","rgba(49,104,142,1)"],["0.375","rgba(46,114,142,1)"],["0.416666666666667","rgba(42,123,142,1)"],["0.458333333333333","rgba(38,133,141,1)"],["0.5","rgba(37,144,140,1)"],["0.541666666666667","rgba(33,154,138,1)"],["0.583333333333333","rgba(39,164,133,1)"],["0.625","rgba(47,174,127,1)"],["0.666666666666667","rgba(53,183,121,1)"],["0.708333333333333","rgba(79,191,110,1)"],["0.75","rgba(98,199,98,1)"],["0.791666666666667","rgba(119,207,85,1)"],["0.833333333333333","rgba(147,214,70,1)"],["0.875","rgba(172,220,52,1)"],["0.916666666666667","rgba(199,225,42,1)"],["0.958333333333333","rgba(226,228,40,1)"],["1","rgba(253,231,37,1)"]],"showscale":false,"x":[-2.5,-2.4,-2.3,-2.2,-2.1,-2,-1.9,-1.8,-1.7,-1.6,-1.5,-1.4,-1.3,-1.2,-1.1,-1,-0.9,-0.8,-0.7,-0.6,-0.5,-0.4,-0.3,-0.2,-0.0999999999999996,0,0.1,0.2,0.3,0.4,0.5,0.6,0.7,0.8,0.9,1,1.1,1.2,1.3,1.4,1.5,1.6,1.7,1.8,1.9,2,2.1,2.2,2.3,2.4,2.5],"y":[-2.5,-2.4,-2.3,-2.2,-2.1,-2,-1.9,-1.8,-1.7,-1.6,-1.5,-1.4,-1.3,-1.2,-1.1,-1,-0.9,-0.8,-0.7,-0.6,-0.5,-0.4,-0.3,-0.2,-0.0999999999999996,0,0.1,0.2,0.3,0.4,0.5,0.6,0.7,0.8,0.9,1,1.1,1.2,1.3,1.4,1.5,1.6,1.7,1.8,1.9,2,2.1,2.2,2.3,2.4,2.5],"scene":"scene2","z":[[68.0625,64,60.0625,56.25,52.5625,49,45.5625,42.25,39.0625,36,33.0625,30.25,27.5625,25,22.5625,20.25,18.0625,16,14.0625,12.25,10.5625,9.00000000000001,7.5625,6.24999999999999,5.0625,4,3.0625,2.25,1.56249999999999,0.999999999999996,0.562499999999999,0.250000000000005,0.0625000000000013,0,0.0625000000000013,0.249999999999999,0.562500000000005,1,1.56249999999999,2.25,3.0625,4.00000000000001,5.0625,6.25,7.56250000000001,9.00000000000001,10.5625,12.25,14.0625,16,18.0625],[64,60.2176,56.5504,52.9984,49.5616,46.24,43.0336,39.9424,36.9664,34.1056,31.36,28.7296,26.2144,23.8144,21.5296,19.36,17.3056,15.3664,13.5424,11.8336,10.24,8.7616,7.3984,6.1504,5.01759999999999,4,3.0976,2.3104,1.6384,1.0816,0.640000000000003,0.313599999999996,0.102399999999997,0.0064000000000058,0.0255999999999992,0.160000000000001,0.409599999999993,0.774399999999999,1.25440000000001,1.84960000000001,2.56,3.38560000000001,4.3264,5.3824,6.5536,7.84,9.24160000000002,10.7584,12.3904,14.1376,16],[60.0625,56.5504,53.1441,49.8436,46.6489,43.56,40.5769,37.6996,34.9281,32.2624,29.7025,27.2484,24.9001,22.6576,20.5209,18.49,16.5649,14.7456,13.0321,11.4244,9.9225,8.5264,7.2361,6.05159999999999,4.97289999999999,4,3.1329,2.3716,1.71609999999999,1.1664,0.7225,0.384400000000001,0.152099999999997,0.0255999999999951,0.00489999999999449,0.0900000000000009,0.280900000000003,0.577599999999995,0.980099999999995,1.4884,2.10249999999999,2.8224,3.64809999999999,4.57959999999999,5.6169,6.75999999999999,8.0089,9.3636,10.8241,12.3904,14.0625],[56.25,52.9984,49.8436,46.7856,43.8244,40.96,38.1924,35.5216,32.9476,30.4704,28.09,25.8064,23.6196,21.5296,19.5364,17.64,15.8404,14.1376,12.5316,11.0224,9.61,8.2944,7.0756,5.95359999999999,4.9284,4,3.1684,2.4336,1.79559999999999,1.25439999999999,0.809999999999998,0.462400000000002,0.211599999999999,0.0575999999999938,0.000399999999997291,0.0399999999999989,0.176399999999999,0.409599999999996,0.739599999999992,1.1664,1.69,2.31040000000001,3.0276,3.8416,4.75240000000001,5.76,6.86440000000001,8.06559999999999,9.36360000000001,10.7584,12.25],[52.5625,49.5616,46.6489,43.8244,41.0881,38.44,35.8801,33.4084,31.0249,28.7296,26.5225,24.4036,22.3729,20.4304,18.5761,16.81,15.1321,13.5424,12.0409,10.6276,9.3025,8.0656,6.9169,5.8564,4.88409999999999,4,3.20409999999999,2.4964,1.8769,1.34559999999999,0.902499999999996,0.547599999999994,0.280899999999996,0.102400000000004,0.0120999999999966,0.00999999999999893,0.0960999999999915,0.270399999999998,0.532900000000001,0.883599999999997,1.3225,1.84960000000001,2.4649,3.1684,3.9601,4.84,5.8081,6.8644,8.0089,9.2416,10.5625],[49,46.24,43.56,40.96,38.44,36,33.64,31.36,29.16,27.04,25,23.04,21.16,19.36,17.64,16,14.44,12.96,11.56,10.24,9,7.84,6.76,5.76,4.83999999999999,4,3.24,2.56,1.95999999999999,1.44,1,0.640000000000005,0.36,0.159999999999996,0.04,0,0.0400000000000044,0.159999999999999,0.359999999999998,0.640000000000001,1,1.44000000000001,1.96,2.56,3.24,4,4.84,5.76,6.76,7.84000000000001,9],[45.5625,43.0336,40.5769,38.1924,35.8801,33.64,31.4721,29.3764,27.3529,25.4016,23.5225,21.7156,19.9809,18.3184,16.7281,15.21,13.7641,12.3904,11.0889,9.8596,8.7025,7.6176,6.6049,5.6644,4.79609999999999,4,3.2761,2.6244,2.0449,1.5376,1.1025,0.739599999999993,0.448899999999996,0.230400000000002,0.0841000000000004,0.00999999999999943,0.00809999999999036,0.0783999999999985,0.220900000000006,0.435599999999999,0.722499999999999,1.0816,1.5129,2.0164,2.5921,3.24,3.9601,4.75239999999999,5.6169,6.5536,7.56249999999999],[42.25,39.9424,37.6996,35.5216,33.4084,31.36,29.3764,27.4576,25.6036,23.8144,22.09,20.4304,18.8356,17.3056,15.8404,14.44,13.1044,11.8336,10.6276,9.4864,8.41,7.3984,6.4516,5.5696,4.7524,4,3.3124,2.6896,2.1316,1.6384,1.21,0.846400000000003,0.5476,0.313599999999995,0.144399999999999,0.0399999999999977,0.000400000000002265,0.0255999999999972,0.11559999999999,0.2704,0.489999999999998,0.774399999999999,1.1236,1.5376,2.0164,2.56,3.1684,3.84159999999999,4.5796,5.3824,6.25],[39.0625,36.9664,34.9281,32.9476,31.0249,29.16,27.3529,25.6036,23.9121,22.2784,20.7025,19.1844,17.7241,16.3216,14.9769,13.69,12.4609,11.2896,10.1761,9.12039999999999,8.1225,7.1824,6.3001,5.4756,4.70889999999999,4,3.3489,2.7556,2.2201,1.7424,1.3225,0.9604,0.656100000000002,0.409599999999997,0.220899999999995,0.0899999999999963,0.0168999999999988,0.00160000000000497,0.0440999999999993,0.144399999999997,0.302499999999993,0.518400000000008,0.792100000000006,1.12360000000001,1.51289999999999,1.95999999999999,2.46490000000001,3.0276,3.6481,4.3264,5.0625],[36,34.1056,32.2624,30.4704,28.7296,27.04,25.4016,23.8144,22.2784,20.7936,19.36,17.9776,16.6464,15.3664,14.1376,12.96,11.8336,10.7584,9.7344,8.7616,7.84,6.9696,6.1504,5.3824,4.6656,4,3.3856,2.8224,2.3104,1.8496,1.44,1.0816,0.774400000000003,0.518400000000003,0.3136,0.160000000000003,0.0575999999999946,0.00640000000000356,0.00640000000000196,0.0575999999999994,0.16,0.313600000000004,0.518400000000001,0.774400000000006,1.0816,1.44,1.8496,2.3104,2.82240000000001,3.3856,4],[33.0625,31.36,29.7025,28.09,26.5225,25,23.5225,22.09,20.7025,19.36,18.0625,16.81,15.6025,14.44,13.3225,12.25,11.2225,10.24,9.3025,8.41,7.5625,6.76,6.0025,5.29,4.6225,4,3.4225,2.89,2.4025,1.96,1.5625,1.21,0.902499999999999,0.64,0.4225,0.25,0.122500000000001,0.0399999999999999,0.00249999999999409,0.0100000000000026,0.0624999999999978,0.160000000000003,0.302500000000001,0.490000000000002,0.7225,1,1.3225,1.69,2.1025,2.56,3.0625],[30.25,28.7296,27.2484,25.8064,24.4036,23.04,21.7156,20.4304,19.1844,17.9776,16.81,15.6816,14.5924,13.5424,12.5316,11.56,10.6276,9.7344,8.8804,8.0656,7.29,6.5536,5.8564,5.1984,4.5796,4,3.4596,2.9584,2.4964,2.0736,1.69,1.3456,1.0404,0.774400000000002,0.547599999999997,0.359999999999999,0.211600000000002,0.102399999999999,0.0324000000000055,0.00160000000000089,0.00999999999999926,0.0576000000000047,0.144399999999999,0.270400000000003,0.435600000000004,0.640000000000002,0.883599999999999,1.1664,1.4884,1.8496,2.25],[27.5625,26.2144,24.9001,23.6196,22.3729,21.16,19.9809,18.8356,17.7241,16.6464,15.6025,14.5924,13.6161,12.6736,11.7649,10.89,10.0489,9.2416,8.4681,7.7284,7.0225,6.3504,5.7121,5.1076,4.5369,4,3.4969,3.0276,2.5921,2.1904,1.8225,1.4884,1.1881,0.9216,0.688899999999997,0.49,0.324899999999999,0.193599999999998,0.0961000000000018,0.0323999999999991,0.00249999999999773,0.00639999999999983,0.0440999999999968,0.115599999999999,0.220899999999996,0.36,0.5329,0.739599999999996,0.980099999999996,1.2544,1.5625],[25,23.8144,22.6576,21.5296,20.4304,19.36,18.3184,17.3056,16.3216,15.3664,14.44,13.5424,12.6736,11.8336,11.0224,10.24,9.4864,8.7616,8.0656,7.3984,6.76,6.1504,5.5696,5.0176,4.4944,4,3.5344,3.0976,2.6896,2.3104,1.96,1.6384,1.3456,1.0816,0.846399999999999,0.640000000000001,0.462399999999998,0.313600000000002,0.193599999999998,0.102400000000002,0.0400000000000033,0.0064000000000064,0.00160000000000364,0.025600000000003,0.0783999999999998,0.159999999999999,0.270400000000001,0.409600000000003,0.577599999999994,0.7744,0.999999999999995],[22.5625,21.5296,20.5209,19.5364,18.5761,17.64,16.7281,15.8404,14.9769,14.1376,13.3225,12.5316,11.7649,11.0224,10.3041,9.61,8.9401,8.2944,7.6729,7.0756,6.5025,5.9536,5.4289,4.9284,4.4521,4,3.5721,3.1684,2.7889,2.4336,2.1025,1.7956,1.5129,1.2544,1.0201,0.810000000000001,0.6241,0.462400000000002,0.324899999999999,0.211600000000002,0.122500000000002,0.0576000000000023,0.0169000000000033,0.000400000000004397,0.00810000000000501,0.0400000000000073,0.0960999999999983,0.176399999999994,0.280900000000002,0.409600000000007,0.562500000000009],[20.25,19.36,18.49,17.64,16.81,16,15.21,14.44,13.69,12.96,12.25,11.56,10.89,10.24,9.61,9,8.41,7.84,7.29,6.76,6.25,5.76,5.29,4.84,4.41,4,3.61,3.24,2.89,2.56,2.25,1.96,1.69,1.44,1.21,0.999999999999999,0.81,0.640000000000001,0.489999999999998,0.359999999999999,0.249999999999999,0.160000000000001,0.0899999999999983,0.0399999999999984,0.00999999999999996,0,0.00999999999999818,0.0399999999999961,0.0900000000000009,0.159999999999999,0.249999999999999],[18.0625,17.3056,16.5649,15.8404,15.1321,14.44,13.7641,13.1044,12.4609,11.8336,11.2225,10.6276,10.0489,9.4864,8.9401,8.41,7.8961,7.3984,6.9169,6.4516,6.0025,5.5696,5.1529,4.7524,4.3681,4,3.6481,3.3124,2.9929,2.6896,2.4025,2.1316,1.8769,1.6384,1.4161,1.21,1.0201,0.8464,0.688899999999999,0.5476,0.4225,0.3136,0.220899999999998,0.1444,0.0840999999999976,0.0399999999999984,0.0120999999999993,0.000399999999999067,0.00489999999999773,0.0255999999999993,0.0624999999999973],[16,15.3664,14.7456,14.1376,13.5424,12.96,12.3904,11.8336,11.2896,10.7584,10.24,9.7344,9.2416,8.7616,8.2944,7.84,7.3984,6.9696,6.5536,6.1504,5.76,5.3824,5.0176,4.6656,4.3264,4,3.6864,3.3856,3.0976,2.8224,2.56,2.3104,2.0736,1.8496,1.6384,1.44,1.2544,1.0816,0.9216,0.774399999999999,0.640000000000001,0.518400000000003,0.409599999999999,0.3136,0.2304,0.159999999999999,0.102399999999999,0.0575999999999972,0.0256,0.0063999999999993,0],[14.0625,13.5424,13.0321,12.5316,12.0409,11.56,11.0889,10.6276,10.1761,9.7344,9.3025,8.8804,8.4681,8.0656,7.6729,7.29,6.9169,6.5536,6.2001,5.8564,5.5225,5.1984,4.8841,4.5796,4.2849,4,3.7249,3.4596,3.2041,2.9584,2.7225,2.4964,2.2801,2.0736,1.8769,1.69,1.5129,1.3456,1.1881,1.0404,0.9025,0.7744,0.6561,0.5476,0.448899999999998,0.36,0.280900000000001,0.2116,0.1521,0.102400000000002,0.0625000000000015],[12.25,11.8336,11.4244,11.0224,10.6276,10.24,9.8596,9.4864,9.1204,8.7616,8.41,8.0656,7.7284,7.3984,7.0756,6.76,6.4516,6.1504,5.8564,5.5696,5.29,5.0176,4.7524,4.4944,4.2436,4,3.7636,3.5344,3.3124,3.0976,2.89,2.6896,2.4964,2.3104,2.1316,1.96,1.7956,1.6384,1.4884,1.3456,1.21,1.0816,0.960400000000001,0.846400000000001,0.7396,0.639999999999999,0.547599999999998,0.462399999999999,0.3844,0.313600000000002,0.25],[10.5625,10.24,9.9225,9.61,9.3025,9,8.7025,8.41,8.1225,7.84,7.5625,7.29,7.0225,6.76,6.5025,6.25,6.0025,5.76,5.5225,5.29,5.0625,4.84,4.6225,4.41,4.2025,4,3.8025,3.61,3.4225,3.24,3.0625,2.89,2.7225,2.56,2.4025,2.25,2.1025,1.96,1.8225,1.69,1.5625,1.44,1.3225,1.21,1.1025,0.999999999999999,0.902499999999999,0.809999999999999,0.722499999999999,0.639999999999998,0.562499999999998],[9,8.7616,8.5264,8.2944,8.0656,7.84,7.6176,7.3984,7.1824,6.9696,6.76,6.5536,6.3504,6.1504,5.9536,5.76,5.5696,5.3824,5.1984,5.0176,4.84,4.6656,4.4944,4.3264,4.1616,4,3.8416,3.6864,3.5344,3.3856,3.24,3.0976,2.9584,2.8224,2.6896,2.56,2.4336,2.3104,2.1904,2.0736,1.96,1.8496,1.7424,1.6384,1.5376,1.44,1.3456,1.2544,1.1664,1.0816,1],[7.5625,7.3984,7.2361,7.0756,6.9169,6.76,6.6049,6.4516,6.3001,6.1504,6.0025,5.8564,5.7121,5.5696,5.4289,5.29,5.1529,5.0176,4.8841,4.7524,4.6225,4.4944,4.3681,4.2436,4.1209,4,3.8809,3.7636,3.6481,3.5344,3.4225,3.3124,3.2041,3.0976,2.9929,2.89,2.7889,2.6896,2.5921,2.4964,2.4025,2.3104,2.2201,2.1316,2.0449,1.96,1.8769,1.7956,1.7161,1.6384,1.5625],[6.25,6.1504,6.051599